Тарасов Александр Тимофеевич
1
9894
6
3 4 5 5 4 5 5 5
2
Sat Feb 29 20:05:44 2020
Медведева Сабрина Леонидовна
0
321
13
4 4 3 3 5 5 5 3
1
Sat Feb 29 20:05:44 2020
Горбачев Глеб Савельевич
1
1234
4
3 4 3 4 4 5 5 5
0
Thu May 27 10:53:59 2021
Титов Дмитрий Максимович
1
4321
12
5 5 5 5 4 5 4 4
0
Thu May 27 10:54:52 2021
Карпова Майя Ивановна
0
3244
6
4 4 4 4 4 4 4 4
1
Thu May 27 10:55:25 2021
Шевцов Глеб Георгиевич
1
4321
21
5 5 5 5 5 5 5 5
0
Thu May 27 12:11:14 2021
Новикова Екатерина Алексеевна
0
1234
14
4 4 4 4 4 4 4 4
0
Thu May 27 12:11:20 2021